Went - >
12/7/2014 4:04:53 PM: Information!! : 18-00-00-0029-00-00-0001-0002-0029-05-00-0004-5C-00-FF-00-00-00-00-00-00-00-0000-00-00-00
12/7/2014 4:04:54 PM: Information!! : 18-00-00-0029-00-00-0001-0002-0029-05-00-0000-09-01-D4-00-FF-00-00-00-00-00-0000-00-00-00
12/7/2014 4:04:55 PM: Information!! : 18-00-00-0029-00-00-0001-0002-0029-05-00-0000-99-01-DA-00-FF-00-00-00-00-00-0000-00-00-00
12/7/2014 4:04:56 PM: Information!! : 18-00-00-0029-00-00-0001-0002-0029-05-00-0000-F2-01-DE-00-00-F2-01-DE-00-FF-0000-00-00-00
End Went -> facing right at end

Went <-
12/7/2014 4:05:24 PM: Information!! : 18-00-00-0029-00-00-0001-0002-0029-05-00-0004-12-01-00-AA-01-D9-00-FF-00-00-0000-00-00-00
12/7/2014 4:05:25 PM: Information!! : 18-00-00-0029-00-00-0001-0002-0029-05-00-0000-1A-01-CF-00-FF-00-00-00-00-00-0000-00-00-00
12/7/2014 4:05:26 PM: Information!! : 18-00-00-0029-00-00-0001-0002-0029-05-00-0000-8A-00-C5-00-FF-00-00-00-00-00-0000-00-00-00
12/7/2014 4:05:27 PM: Information!! : 18-00-00-0029-00-00-0001-0002-0029-05-00-0000-6A-00-C3-00-00-6A-00-C3-00-FF-0000-00-00-00
End Went <- facing left at end


Walked as far right as i could, ended up facing right.
12/7/2014 4:07:45 PM: Information!! : 18-00-00-0029-00-00-0001-0002-0029-05-00-0000-47-00-D0-00-04-5A-00-FF-00-00-0000-00-00-00
12/7/2014 4:07:46 PM: Information!! : 18-00-00-0029-00-00-0001-0002-0029-05-00-0000-53-00-D0-00-00-D7-00-C8-00-FF-0000-00-00-00
12/7/2014 4:07:47 PM: Information!! : 18-00-00-0029-00-00-0001-0002-0029-05-00-0000-67-01-BE-00-FF-00-00-00-00-00-0000-00-00-00
12/7/2014 4:07:48 PM: Information!! : 18-00-00-0029-00-00-0001-0002-0029-05-00-0000-F7-01-B5-00-FF-00-00-00-00-00-0000-00-00-00
12/7/2014 4:07:49 PM: Information!! : 18-00-00-0029-00-00-0001-0002-0029-05-00-0000-69-02-AE-00-00-69-02-AE-00-FF-0000-00-00-00
End


Walked as far left as i could.
12/7/2014 4:08:25 PM: Information!! : 18-00-00-0029-00-00-0001-0002-0029-05-00-0004-0E-01-00-15-02-AE-00-FF-00-00-0000-00-00-00
12/7/2014 4:08:26 PM: Information!! : 18-00-00-0029-00-00-0001-0002-0029-05-00-0000-85-01-AF-00-FF-00-00-00-00-00-0000-00-00-00
12/7/2014 4:08:27 PM: Information!! : 18-00-00-0029-00-00-0001-0002-0029-05-00-0000-F5-00-B0-00-FF-00-00-00-00-00-0000-00-00-00
12/7/2014 4:08:28 PM: Information!! : 18-00-00-0029-00-00-0001-0002-0029-05-00-0000-65-00-B1-00-FF-00-00-00-00-00-0000-00-00-00
12/7/2014 4:08:29 PM: Information!! : 18-00-00-0029-00-00-0001-0002-0029-05-00-0000-47-00-B1-00-00-47-00-B1-00-FF-0000-00-00-00
End

Walked from far left, to middle of screen while facing right.
12/7/2014 4:08:58 PM: Information!! : 18-00-00-0029-00-00-0001-0002-0029-05-00-0004-4F-00-00-77-00-A8-00-FF-00-00-0000-00-00-00
12/7/2014 4:08:59 PM: Information!! : 18-00-00-0029-00-00-0001-0002-0029-05-00-0000-07-01-8D-00-FF-00-00-00-00-00-0000-00-00-00
12/7/2014 4:09:00 PM: Information!! : 18-00-00-0029-00-00-0001-0002-0029-05-00-0000-3A-01-83-00-00-3A-01-83-00-FF-0000-00-00-00

Waled from top middle screen to bottom middile screen facing south.
12/7/2014 4:09:32 PM: Information!! : 18-00-00-0029-00-00-0001-0002-0029-05-00-0004-AF-00-00-3B-01-93-00-FF-00-00-0000-00-00-00
12/7/2014 4:09:33 PM: Information!! : 18-00-00-0029-00-00-0001-0002-0029-05-00-0000-43-01-F3-00-FF-00-00-00-00-00-0000-00-00-00
12/7/2014 4:09:34 PM: Information!! : 18-00-00-0029-00-00-0001-0002-0029-05-00-0000-48-01-33-01-00-48-01-33-01-FF-0000-00-00-00


Walked from bottom middle screen to top middle, facing North.
12/7/2014 4:10:13 PM: Information!! : 18-00-00-0029-00-00-0001-0002-0029-05-00-0004-61-01-FF-00-00-00-00-00-00-00-0000-00-00-00
12/7/2014 4:10:14 PM: Information!! : 18-00-00-0029-00-00-0001-0002-0029-05-00-0000-3F-01-E3-00-FF-00-00-00-00-00-0000-00-00-00
12/7/2014 4:10:15 PM: Information!! : 18-00-00-0029-00-00-0001-0002-0029-05-00-0000-33-01-83-00-FF-00-00-00-00-00-0000-00-00-00
12/7/2014 4:10:16 PM: Information!! : 18-00-00-0029-00-00-0001-0002-0029-05-00-0000-33-01-82-00-00-33-01-82-00-FF-0000-00-00-00

Middle of screen to bottom right facing right.
12/7/2014 4:11:41 PM: Information!! : 18-00-00-0029-00-00-0001-0002-0029-05-00-0004-67-00-00-55-01-8A-00-04-B4-00-FF00-00-00-00
12/7/2014 4:11:42 PM: Information!! : 1C-00-00-0029-00-00-0001-0002-0029-05-00-0000-55-01-8F-00-04-87-00-00-9D-01-D6-00-FF-00-0000-00-00-00
12/7/2014 4:11:43 PM: Information!! : 1C-00-00-0029-00-00-0001-0002-0029-05-00-0000-E3-01-1B-01-04-72-00-00-EF-01-20-01-FF-00-0000-00-00-00
12/7/2014 4:11:44 PM: Information!! : 24-00-00-0029-00-00-0001-0002-0029-05-00-0000-FC-01-26-01-00-1B-02-33-01-00-51-02-33-01-00-51-02-33-01-FF-00-00-0000-00-00-00

These look different, i think because i have hardcoded items on the screen, this is room 1321 of wandering woods, and bottom right is 2 rocks and a few trees
will continue this in a blanker room
